0.08329718004338395
0.014533622559652928
0.02364425162689805
0.04598698481561822
0.12603036876355747
0.027114967462039046
0.020390455531453362
0.06355748373101952
0.06355748373101952
0.0015184381778741865
0.006941431670281995
0.0316702819956616
0.021691973969631236
0.07310195227765727
0.07678958785249458
0.015184381778741865
0.0008676789587852494
0.06594360086767896
0.06399132321041215
0.09305856832971801
0.02668112798264642
0.009761388286334056
0.025596529284164858
0.0006507592190889371
0.018004338394793925
0.0004338394793926247


